 tdata       pcdata
2015.60   0.09680918
2015.60  -0.03969042
2015.60  -0.01077904
2015.61  -0.14977208
2015.61  -0.23196139
2015.61   0.33539815
2015.61   0.27285868
2015.62   0.13927532
2015.62  -0.20956563
2015.62   0.21493249
2015.62  -0.00788984
2015.63   0.29097340
2015.63  -0.24034804
2015.63   0.01473264
2015.64   0.35104810
2015.64  -0.62463903
2015.64  -0.20963448
2015.64  -0.01144185
2015.65  -0.65427619
2015.65   0.11333832
2015.65  -0.27066887
2015.65  -0.14858304
2015.66  -0.00504766
2015.66  -0.28812283
2015.66   0.59439517
2015.67   0.52986639
2015.67   0.31692507
2015.67  -0.16811174
2015.67  -0.02987294
2015.68  -0.03988448
2015.68   0.64009732
2015.68   0.31064383
2015.68   0.06551649
2015.69  -0.03659660
2015.69   0.15630464
2015.69   0.40457956
2015.70   0.14860046
2015.70  -1.05329890
2015.70  -0.56608123
2015.70   0.00000075
2015.71  -0.21896806
2015.71  -0.05047042
2015.71  -0.32306828
2015.72  -0.18800383
2015.72  -0.10650472
2015.72  -1.07837795
2015.72  -0.43939717
2015.73  -0.20312131
2015.73  -0.66473796
2015.73  -0.13542017
2015.73  -0.25905948
2015.74  -0.26694124
2015.74   0.18315565
2015.74   0.56760403
2015.75  -0.61538341
2015.75  -0.12724261
2015.75   0.27259390
2015.75   0.30629478
2015.76   0.19874702
2015.76   0.14643971
2015.76  -0.60255934
2015.76   0.41158230
2015.77   1.03310266
2015.77   0.42190501
2015.77   0.42644940
2015.78   0.09433480
2015.78   0.59641289
2015.78   0.16007968
2015.78   0.56259813
2015.79   0.02782903
2015.79  -0.37739785
2015.79  -0.25805235
2015.79   0.50560161
2015.80   0.27003661
2015.80  -0.06622098
2015.80  -0.05952708
2015.81  -0.18052902
2015.81  -0.73361044
2015.81  -0.51121810
2015.81   0.25855741
2015.82   0.18570078
2015.82   0.25786465
2015.82   0.50573493
2015.82  -0.02081076
2015.83   0.04592839
2015.83   0.04810323
2015.83   0.21556758
2015.84  -0.11437959
2015.84   0.50643654
2015.84  -0.03236136
2015.84   0.10232190
2015.85  -0.67758064
2015.85   0.42456257
2015.85  -0.39341169
2015.85  -0.58040905
2015.86   0.04533157
2015.86   0.63995671
2015.86  -0.13602556
2015.87   0.07681421
2015.87   0.50224462
2015.87   0.88238651
2015.87   0.28232646
2015.88   0.29314919
2015.88   0.04798986
2015.88   0.59661262
2015.88   0.59631466
2015.89   0.03381797
2015.89  -0.24310270
2015.89  -0.59157132
2015.90  -0.44952703
2015.90  -0.59076005
2015.90  -0.11450002
2015.90   0.79627520
2015.91  -0.22009106
2015.91   0.51508231
2015.91   0.19671056
2015.92   0.56874249
2015.92  -0.44942823
2015.92   0.00824218
2015.92  -0.45742969
2015.93   0.05471959
2015.93  -1.19235689
2015.93  -0.01638190
2015.93   0.16361949
2015.94  -0.02257584
2015.94   0.78530114
2015.94   0.26058955
2015.95  -0.50635909
2015.95  -0.20108924
2015.95  -0.55417764
2015.95   0.08445845
2015.96  -1.13602116
2015.96  -0.07189892
2015.96  -0.01537868
2015.96  -0.06043504
2015.97  -0.13202139
2015.97  -0.24713018
2015.97   0.27863167
2015.98   0.87193905
2015.98   0.62407182
2015.98  -0.01645495
2015.98  -0.59519249
2015.99  -0.11098136
2015.99   0.09547588
2015.99   0.48594957
2015.99  -0.66000585
2016.00  -0.72601376
2016.00  -0.15958539
2016.00   0.42838787
2016.01   0.01065547
2016.01   0.00000077
2016.01   0.25495591
2016.01  -0.17130222
2016.02  -0.25456853
2016.02   0.17091782
2016.02  -0.07807189
2016.02  -0.23658704
2016.03  -0.19234042
2016.03  -0.30746190
2016.03   0.17974502
2016.04  -0.13828261
2016.04   0.62943512
2016.04  -0.23355476
2016.04   0.53766607
2016.05  -0.16054019
2016.05  -0.43177390
2016.05  -0.27246829
2016.05  -0.26098447
2016.06  -0.72024353
2016.06  -0.38134006
2016.06  -0.60061600
2016.07   0.08350542
2016.07   0.40222716
2016.07   0.93694259
2016.07   0.85907745
2016.08   0.80089064
2016.08   0.45790729
2016.08  -0.61868055
2016.08  -0.25443338
2016.09   3.40634918
2016.09   1.93932229
2016.09   2.84548271
2016.10   2.03791630
2016.10  -0.62208242
2016.10  -0.22441302
2016.10  -0.27213056
2016.11  -0.46780036
2016.11  -0.28765971
2016.11   0.32646690
2016.11   0.39082189
2016.12   0.43833413
2016.12   0.24682442
2016.12  -0.69316503
2016.13  -1.06208746
2016.13  -0.63646017
2016.13  -0.83380953
2016.13  -0.75298540
2016.14  -0.18956747
2016.14  -0.44495959
2016.14  -0.23008778
2016.14  -0.15407640
2016.15  -0.82655240
2016.15  -1.37017124
2016.15  -0.45530967
2016.16  -0.39573118
2016.16  -0.60863071
2016.16  -0.49454397
2016.16  -0.27169183
2016.17  -0.83972572
2016.17  -0.28683964
2016.17   0.02871421
2016.17   0.16267777
2016.18  -0.03991325
2016.18   0.22651940
2016.18   0.23875006
2016.19  -0.36975062
2016.19   0.34412162
2016.19   0.19787316
2016.19   0.20920952
2016.20  -0.20920807
2016.20  -0.73387613
2016.20  -1.24082128
2016.20  -0.56299542
2016.21   0.14557410
2016.21  -0.71636738
2016.21   0.10075648
2016.22   0.05561565
2016.22   0.50542065
2016.22  -0.18621354
2016.22  -0.39517632
2016.23   0.49443966
2016.23  -0.03164199
2016.23   0.34054136
2016.23   0.10334469
2016.24   0.18751909
2016.24  -0.10205001
2016.24   0.29364017
2016.25  -0.15497964
2016.25  -0.44834088
2016.25  -0.27996375
2016.25   0.19331751
2016.26   0.46974085
2016.26   0.62106476
2016.26  -0.32190099
2016.27  -0.06746961
2016.27   0.64829738
2016.27   0.24384344
2016.27   0.30889379
2016.28   0.23631681
2016.28   0.10460812
2016.28   0.21124629
2016.28   0.28830500
2016.29  -0.09422273
2016.29  -0.29191716
2016.29  -0.14454149
2016.30  -0.25679431
2016.30  -0.07085329
2016.30   0.07783206
2016.30  -0.54641080
2016.31   0.38176063
2016.31   0.41464770
2016.31   0.21984168
2016.31   0.09900939
2016.32  -0.09900792
2016.32   0.52911589
2016.32   0.38922814
2016.33  -0.57172019
2016.33   0.28666421
2016.33   0.45217634
2016.33  -0.00169291
2016.34  -0.25517872
2016.34   0.36771168
2016.34  -0.66152748
2016.34  -0.01887733
2016.35   0.13099110
2016.35  -0.22596944
2016.35  -0.21444316
2016.36   0.35552635
2016.36  -0.56199336
2016.36   0.41311920
2016.36   0.32384848
2016.37  -0.27319427
2016.37   0.53189019
2016.37   0.03666989
2016.37  -0.06281498
2016.38   0.04658695
2016.38  -0.11180796
2016.38   0.26745858
2016.39  -0.21674817
2016.39  -0.26030578
2016.39  -0.63328313
2016.39  -0.61328700
2016.40   0.38178990
2016.40   0.17009962
2016.40   0.05041757
2016.40  -0.12881694
2016.41   0.07841255
2016.41   0.00000651
2016.41  -0.34875056
2016.42  -0.24505751
2016.42   0.04214465
2016.42   0.57264184
2016.42  -0.59017601
2016.43   0.07887556
2016.43   0.05827838
2016.43  -0.14259821
2016.43   0.57457555
2016.44   0.39191237
2016.44   0.03939000
2016.44  -0.46982511
2016.45   0.03853897
2016.45   0.00002255
2016.45  -0.30606961
2016.45   0.82223172
2016.46   0.36566461
2016.46  -0.39240286
2016.46  -0.48941504
2016.46   0.58855441
2016.47  -0.67591952
2016.47   0.03881020
2016.47   0.04854608
2016.48  -1.20606525
2016.48  -0.95157350
2016.48  -0.03421037
2016.48   0.30987523
2016.49   0.10792837
2016.49   0.36078827
2016.49   0.84980127
2016.49   0.44427079
2016.50  -0.04561229
2016.50   0.78787026
2016.50   0.26814146
2016.51   0.04690343
2016.51  -0.10058333
2016.51   0.68614115
2016.51   0.41641229
2016.52   0.05201411
2016.52  -0.20948797
2016.52  -1.07462297
2016.52   0.30542512
2016.53   0.23149224
2016.53  -0.01336910
2016.53  -0.55291818
2016.54  -0.79695006
2016.54   0.25598303
2016.54   0.10590294
2016.54  -0.38824296
2016.55  -0.10324572
2016.55  -0.17808319
2016.55   0.49502073
2016.55   0.26708326
2016.56   0.38044382
2016.56  -0.71665102
2016.56  -0.21866497
2016.57   0.26341701
2016.57  -0.66876563
2016.57  -1.67473090
2016.57   0.37074448
2016.58  -0.12400116
2016.58   0.43511440
2016.58   0.45683203
2016.58  -0.08403099
2016.59   0.60667469
2016.59   0.28387595
2016.59   0.28397014
2016.60  -0.26723267
2016.60  -0.00150389
2016.60   0.05307204
2016.60  -0.02241352
2016.61  -0.27069335
2016.61  -0.07852434
2016.61  -0.27251607
2016.61   0.25003132
2016.62   0.44166180
2016.62   0.04442753
2016.62  -0.38353800
2016.63   0.65249225
2016.63   0.61722333
2016.63   0.16775512
2016.63   0.05923219
2016.64  -0.06559633
2016.64  -0.44999985
2016.64   0.55662790
2016.64   0.74424581
2016.65   0.25909189
2016.65  -0.51800090
2016.65  -0.26898836
2016.66   0.34372375
2016.66  -0.27449068
2016.66   0.40976218
2016.66   0.35516509
2016.67   0.08470991
2016.67  -0.06973083
2016.67  -0.21504101
2016.67   0.30381997
2016.68  -0.48545581
2016.68  -0.22688311
2016.68   0.02265126
2016.69   0.00841992
2016.69   0.31335820
2016.69   0.09375929
2016.69  -0.03352263
2016.70  -0.18971793
2016.70  -0.86760571
2016.70   0.38830022
2016.70   0.98480267
2016.71  -0.32991928
2016.71  -0.52887315
2016.71  -0.13321364
2016.72  -1.17694165
2016.72  -0.19483322
2016.72  -0.05974678
2016.72  -0.32156897
2016.73  -0.28393470
2016.73   0.26215170
2016.73   0.64364246
2016.73  -0.37107810
2016.74  -0.47677522
2016.74   0.11026340
2016.74   0.06739242
2016.75   0.69544790
2016.75  -0.02519206
2016.75   0.47767847
2016.75  -0.33786768
2016.76   0.03209644
2016.76  -0.17189211
2016.76  -0.72367896
2016.77   0.08764343
2016.77  -0.16620486
2016.77   0.02578267
2016.77  -0.23507951
2016.78   0.11704890
2016.78   0.75680322
2016.78   0.51180940
2016.78   0.02763104
2016.79  -0.06780215
2016.79  -0.45979740
2016.79   0.43743237
2016.80   0.48136478
2016.80   0.02496128
2016.80  -0.43466482
2016.80   0.30125111
2016.81   0.75142262
2016.81   0.55147424
2016.81   0.32598384
2016.81  -0.13995909
2016.82  -0.43709147
2016.82  -0.43269009
2016.82  -0.23716223
2016.83  -0.63961371
2016.83  -0.13864525
2016.83  -0.28850064
2016.83  -0.17363663
2016.84   0.43049648
2016.84  -0.25179904
2016.84   0.47471012
2016.84  -0.32219329
2016.85   0.24856298
2016.85  -0.04361870
2016.85  -0.30389926
2016.86  -0.55597075
2016.86  -0.29227133
2016.86  -0.23953699
2016.86   0.13856899
2016.87  -0.67452495
2016.87  -0.57608183
2016.87  -0.31490828
2016.87   0.43116445
2016.88  -0.06909838
2016.88   0.25815270
2016.88   0.67362502
2016.89   0.77892848
2016.89   0.01868856
2016.89   0.08993317
2016.89   0.27493468
2016.90   0.72532735
2016.90   0.35078297
2016.90   0.70875883
2016.90   0.21719706
2016.91  -0.32088372
2016.91  -0.02801780
2016.91   0.51057495
2016.92   0.10463306
2016.92   0.05470600
2016.92  -1.03328194
2016.92  -0.44548574
2016.93  -0.02561668
2016.93  -0.10677371
2016.93   0.02133269
2016.93   0.43468115
2016.94   0.02959830
2016.94  -0.02075411
2016.94   0.43158663
2016.95  -0.05712464
2016.95  -0.71664816
2016.95  -0.40303201
2016.95  -0.49966935
2016.96  -0.09948859
2016.96  -0.02426508
2016.96   0.22089985
2016.96   0.12753138
2016.97  -0.63902945
2016.97  -0.26723726
2016.97  -0.30903288
2016.98   0.06861114
2016.98   0.15817523
2016.98   0.83170105
2016.98   0.06629003
2016.99  -0.41110602
2016.99   0.17212503
2016.99  -0.62944140
2016.99  -0.25657477
2017.00  -0.71339514
2017.00  -0.81348893
2017.00  -0.50846779
2017.01  -0.14509441
2017.01   0.30546235
2017.01  -0.45655299
2017.01  -0.23070635
2017.02   0.52848912
2017.02  -0.23649272
2017.02  -0.83115028
2017.02  -0.67055479
2017.03  -0.02990833
2017.03  -0.05914259
2017.03  -0.21524845
2017.04  -0.23356505
2017.04  -0.90436058
2017.04   0.25197481
2017.04   0.06402678
2017.05   0.44225887
2017.05   0.26774579
2017.05  -0.80431906
2017.05   0.19834622
2017.06  -1.00678934
2017.06  -0.32827968
2017.06   0.16692674
2017.07   0.32295782
2017.07   0.82843491
2017.07  -0.36371668
2017.07   0.24444718
2017.08   0.74962207
2017.08   0.69342501
2017.08   0.51547173
2017.08   0.81875265
2017.09   0.80029950
2017.09   0.38287431
2017.09   1.25061408
2017.10   0.77785652
