 tdata       pcdata
2015.60   0.02834985
2015.60   0.04507455
2015.60  -0.04623134
2015.61   0.05275565
2015.61  -0.04078452
2015.61  -0.03916247
2015.61  -0.10762350
2015.62  -0.04625038
2015.62  -0.00534188
2015.62  -0.04629539
2015.62   0.07993011
2015.63  -0.07957848
2015.63  -0.12763169
2015.63  -0.03657155
2015.64  -0.01722517
2015.64  -0.10658879
2015.64  -0.01382389
2015.64   0.08658058
2015.65   0.01552497
2015.65   0.09399407
2015.65   0.17450092
2015.65  -0.05917398
2015.66   0.04443684
2015.66   0.09299504
2015.66   0.00999460
2015.67  -0.22457146
2015.67   0.14060444
2015.67   0.13212086
2015.67   0.01020682
2015.68   0.03496936
2015.68  -0.04047115
2015.68  -0.02670416
2015.68  -0.11968713
2015.69  -0.07520529
2015.69   0.12671012
2015.69   0.11495551
2015.70   0.04324438
2015.70   0.00576144
2015.70  -0.07377675
2015.70   0.00000027
2015.71   0.18745531
2015.71   0.05068723
2015.71   0.01470899
2015.72   0.06831914
2015.72   0.03277235
2015.72   0.02060000
2015.72   0.17322518
2015.73  -0.00308096
2015.73   0.01929524
2015.73   0.04540174
2015.73   0.07634917
2015.74  -0.13994322
2015.74  -0.05639136
2015.74  -0.07653743
2015.75  -0.01070681
2015.75   0.02015432
2015.75  -0.03468300
2015.75  -0.10350657
2015.76  -0.05767043
2015.76  -0.03640401
2015.76   0.01501202
2015.76  -0.07725786
2015.77   0.09825005
2015.77   0.05850261
2015.77   0.01794864
2015.78   0.11589568
2015.78   0.03183089
2015.78  -0.02591813
2015.78  -0.18976902
2015.79  -0.08267966
2015.79  -0.14054870
2015.79   0.11792089
2015.79  -0.12922288
2015.80  -0.08421721
2015.80  -0.19508537
2015.80  -0.05599319
2015.81   0.04551812
2015.81  -0.00430368
2015.81   0.14399984
2015.81   0.01096228
2015.82   0.05939225
2015.82   0.03021413
2015.82  -0.03100579
2015.82   0.13069873
2015.83  -0.09992927
2015.83   0.04975284
2015.83   0.02294577
2015.84   0.15700494
2015.84  -0.07823201
2015.84  -0.01239658
2015.84  -0.00076883
2015.85  -0.08855156
2015.85  -0.11950501
2015.85  -0.13180112
2015.85  -0.05806841
2015.86   0.08172073
2015.86   0.19481677
2015.86   0.03283876
2015.87  -0.14365771
2015.87  -0.02021490
2015.87  -0.00132857
2015.87  -0.10519729
2015.88  -0.08997992
2015.88  -0.12734848
2015.88   0.01888381
2015.88   0.10483881
2015.89  -0.12619822
2015.89   0.02665415
2015.89  -0.15392949
2015.90  -0.16428165
2015.90  -0.14236531
2015.90  -0.02728987
2015.90   0.05697070
2015.91   0.01886299
2015.91  -0.01564053
2015.91   0.01488301
2015.92   0.15828674
2015.92   0.04596512
2015.92   0.10624171
2015.92   0.11349547
2015.93   0.05908983
2015.93   0.03239307
2015.93   0.21002443
2015.93   0.10119397
2015.94   0.07378934
2015.94   0.03357467
2015.94   0.01228707
2015.95  -0.07325110
2015.95   0.04762501
2015.95   0.20813079
2015.95   0.06492140
2015.96  -0.31741932
2015.96  -0.12382447
2015.96  -0.11073542
2015.96   0.08291277
2015.97   0.13527453
2015.97   0.01586888
2015.97  -0.02169338
2015.98   0.05417688
2015.98  -0.01783015
2015.98  -0.02211285
2015.98  -0.10736572
2015.99  -0.03839866
2015.99  -0.01823622
2015.99   0.08760369
2015.99  -0.01561676
2016.00  -0.02349787
2016.00  -0.00285076
2016.00   0.00412818
2016.01   0.12220247
2016.01   0.00000028
2016.01   0.17730501
2016.01  -0.04990776
2016.02  -0.16429225
2016.02   0.03689615
2016.02   0.10061535
2016.02  -0.01282923
2016.03  -0.09539708
2016.03  -0.06627002
2016.03   0.04699904
2016.04   0.12110544
2016.04   0.04527658
2016.04  -0.02388510
2016.04  -0.02085160
2016.05  -0.09476053
2016.05  -0.02091875
2016.05   0.06126797
2016.05   0.00583032
2016.06  -0.14151709
2016.06  -0.05964854
2016.06  -0.08857666
2016.07  -0.00428477
2016.07   0.14343168
2016.07   0.08177809
2016.07   0.01695130
2016.08   0.23033082
2016.08  -0.01005317
2016.08   0.01962465
2016.08  -0.23421187
2016.09  -0.00778526
2016.09  -0.13261481
2016.09   0.04680458
2016.10  -0.00875047
2016.10  -0.13013478
2016.10   0.03700997
2016.10   0.20807047
2016.11  -0.05991968
2016.11  -0.12092778
2016.11  -0.00134466
2016.11   0.08152411
2016.12   0.00623908
2016.12   0.05100912
2016.12   0.18533570
2016.13  -0.02402990
2016.13  -0.01769294
2016.13  -0.21411967
2016.13  -0.15243002
2016.14  -0.15541542
2016.14  -0.19067747
2016.14   0.01184055
2016.14   0.00753621
2016.15   0.00655498
2016.15   0.15191566
2016.15   0.03822437
2016.16   0.10061533
2016.16  -0.06055025
2016.16   0.01042737
2016.16   0.08145717
2016.17   0.05758512
2016.17   0.03661661
2016.17  -0.04423269
2016.17   0.08986841
2016.18  -0.02650138
2016.18  -0.01421054
2016.18   0.04061669
2016.19  -0.00639725
2016.19   0.07850847
2016.19   0.03998637
2016.19  -0.00169628
2016.20   0.00169687
2016.20  -0.00793050
2016.20   0.22339476
2016.20   0.03229420
2016.21   0.07466719
2016.21   0.03483510
2016.21  -0.03230768
2016.22  -0.07305162
2016.22  -0.21471408
2016.22  -0.00698377
2016.22   0.00961757
2016.23  -0.21254259
2016.23   0.03420047
2016.23  -0.03548461
2016.23  -0.20350102
2016.24   0.17624318
2016.24   0.04622607
2016.24  -0.03178383
2016.25  -0.09313708
2016.25   0.03608752
2016.25  -0.04670459
2016.25  -0.12359790
2016.26   0.03335046
2016.26  -0.05216791
2016.26  -0.02620162
2016.27  -0.07241331
2016.27   0.01168246
2016.27   0.23656971
2016.27   0.05373943
2016.28  -0.01575746
2016.28  -0.01926081
2016.28   0.17853926
2016.28  -0.01861039
2016.29   0.09201047
2016.29  -0.01509001
2016.29  -0.05364760
2016.30  -0.12569425
2016.30   0.00293923
2016.30   0.02828937
2016.30  -0.04684308
2016.31   0.11883417
2016.31   0.02304606
2016.31   0.08087129
2016.31   0.02196620
2016.32  -0.02196561
2016.32   0.05195688
2016.32   0.09937980
2016.33   0.06845470
2016.33   0.20580434
2016.33   0.31491713
2016.33  -0.02118001
2016.34  -0.10996814
2016.34   0.09835014
2016.34  -0.01056882
2016.34  -0.08797187
2016.35  -0.07270331
2016.35  -0.20898562
2016.35   0.00133500
2016.36  -0.26397285
2016.36  -0.06484299
2016.36   0.17884828
2016.36   0.07618023
2016.37   0.03520799
2016.37   0.00441467
2016.37  -0.00947388
2016.37   0.02205729
2016.38   0.02510901
2016.38  -0.10500582
2016.38  -0.13259363
2016.39  -0.13334976
2016.39   0.04650429
2016.39  -0.02872207
2016.39   0.05856463
2016.40  -0.00033477
2016.40  -0.03741267
2016.40   0.01600244
2016.40   0.05790874
2016.41  -0.07391047
2016.41  -0.00000044
2016.41   0.02975418
2016.42  -0.01121136
2016.42   0.04197925
2016.42  -0.00816000
2016.42   0.04560370
2016.43  -0.06504874
2016.43  -0.09338204
2016.43   0.07103618
2016.43  -0.01057091
2016.44  -0.03373246
2016.44  -0.01241454
2016.44   0.02889397
2016.45   0.01725606
2016.45   0.00000112
2016.45   0.04117344
2016.45   0.01170773
2016.46   0.02967848
2016.46  -0.00164521
2016.46  -0.08091649
2016.46  -0.03984004
2016.47   0.08659212
2016.47  -0.03028198
2016.47  -0.01647024
2016.48  -0.04356794
2016.48  -0.04017432
2016.48  -0.09436636
2016.48  -0.07176940
2016.49  -0.14538463
2016.49  -0.04981204
2016.49   0.07481648
2016.49   0.04305420
2016.50   0.06865370
2016.50   0.11475539
2016.50  -0.08119207
2016.51   0.04993538
2016.51  -0.03570840
2016.51  -0.08748684
2016.51  -0.01522882
2016.52   0.04987477
2016.52   0.02352424
2016.52  -0.03437172
2016.52   0.09237200
2016.53   0.03905309
2016.53  -0.00014818
2016.53  -0.08040007
2016.54   0.01248385
2016.54   0.01966933
2016.54  -0.03845649
2016.54   0.08605848
2016.55   0.07388375
2016.55   0.01788402
2016.55  -0.12934420
2016.55   0.03186434
2016.56   0.10241958
2016.56   0.04707418
2016.56   0.02242524
2016.57   0.03419057
2016.57   0.08117812
2016.57   0.10292708
2016.57   0.13936284
2016.58   0.18130066
2016.58   0.02384967
2016.58   0.11395388
2016.58   0.11371647
2016.59  -0.05604313
2016.59  -0.03285276
2016.59  -0.13882058
2016.60  -0.01745742
2016.60  -0.00719535
2016.60  -0.15951552
2016.60  -0.09152780
2016.61  -0.24434277
2016.61  -0.03553189
2016.61  -0.02320910
2016.61  -0.17119551
2016.62  -0.04742124
2016.62   0.05365008
2016.62   0.03692997
2016.63   0.01928910
2016.63   0.03169801
2016.63  -0.03396868
2016.63   0.10454368
2016.64  -0.08633465
2016.64   0.05713755
2016.64  -0.05939013
2016.64  -0.05958057
2016.65   0.00307641
2016.65  -0.07280514
2016.65   0.06928529
2016.66  -0.04354965
2016.66   0.08762376
2016.66   0.03027491
2016.66   0.14007642
2016.67   0.06496912
2016.67  -0.07787641
2016.67  -0.16116105
2016.67  -0.12179058
2016.68   0.02195999
2016.68   0.13459585
2016.68  -0.03313079
2016.69  -0.04547266
2016.69  -0.06956875
2016.69   0.01743833
2016.69  -0.07514933
2016.70   0.03576103
2016.70  -0.06348780
2016.70   0.08815467
2016.70   0.07617804
2016.71  -0.05548678
2016.71  -0.09861191
2016.71   0.00485461
2016.72   0.02101254
2016.72   0.07020587
2016.72   0.08602645
2016.72  -0.14211264
2016.73   0.06217317
2016.73   0.12832531
2016.73   0.06647545
2016.73  -0.00169070
2016.74   0.00057617
2016.74   0.11404842
2016.74  -0.11543613
2016.75   0.03126306
2016.75  -0.02876028
2016.75  -0.01507167
2016.75   0.00358473
2016.76   0.08961577
2016.76  -0.07812880
2016.76  -0.02139344
2016.77   0.00895204
2016.77  -0.04095087
2016.77  -0.13665860
2016.77  -0.10967403
2016.78  -0.17486340
2016.78   0.07367441
2016.78   0.12518001
2016.78   0.14978258
2016.79   0.15174094
2016.79  -0.01167712
2016.79   0.20875789
2016.80   0.20043637
2016.80   0.01208820
2016.80   0.05907180
2016.80   0.05254495
2016.81   0.08665554
2016.81  -0.13783001
2016.81  -0.06496107
2016.81  -0.07491844
2016.82   0.06512038
2016.82  -0.09278853
2016.82  -0.10506290
2016.83  -0.15422686
2016.83  -0.04086634
2016.83  -0.02815271
2016.83  -0.12208799
2016.84   0.07362016
2016.84  -0.03118846
2016.84  -0.00409822
2016.84   0.11197607
2016.85   0.14508420
2016.85   0.14084090
2016.85  -0.17853544
2016.86  -0.08656363
2016.86   0.01896590
2016.86  -0.02721673
2016.86   0.07890028
2016.87  -0.01717391
2016.87  -0.01650930
2016.87  -0.00405784
2016.87   0.12084854
2016.88  -0.10439008
2016.88   0.04206031
2016.88  -0.05031493
2016.89  -0.04988178
2016.89  -0.09502086
2016.89  -0.05724590
2016.89   0.11197431
2016.90  -0.03186168
2016.90   0.04554902
2016.90   0.04143029
2016.90   0.01450278
2016.91   0.17265704
2016.91  -0.00002020
2016.91   0.06537685
2016.92   0.08288192
2016.92  -0.05153972
2016.92   0.03439851
2016.92  -0.08591730
2016.93  -0.12464719
2016.93   0.02489290
2016.93  -0.10085163
2016.93  -0.06340099
2016.94   0.07783728
2016.94  -0.02532251
2016.94   0.01428934
2016.95   0.05047282
2016.95  -0.04526482
2016.95  -0.18720516
2016.95  -0.12699713
2016.96   0.00833907
2016.96  -0.01662964
2016.96   0.02989860
2016.96  -0.00632481
2016.97   0.05167513
2016.97   0.04139097
2016.97   0.05519766
2016.98  -0.09290320
2016.98   0.04723970
2016.98   0.10082062
2016.98   0.07843272
2016.99   0.00403428
2016.99   0.03758959
2016.99   0.15700413
2016.99   0.02632126
2017.00  -0.02009898
2017.00  -0.01721477
2017.00   0.17609187
2017.01   0.02994622
2017.01  -0.05266407
2017.01  -0.02098935
2017.01  -0.23880834
2017.02  -0.13433906
2017.02  -0.16945072
2017.02  -0.02583767
2017.02   0.02245423
2017.03  -0.01077036
2017.03   0.00945658
2017.03   0.05308639
2017.04   0.08427465
2017.04   0.06785041
2017.04   0.16717725
2017.04   0.19532735
2017.05   0.06820767
2017.05   0.01977762
2017.05  -0.05678623
2017.05   0.06029780
2017.06   0.05597529
2017.06   0.05985751
2017.06  -0.05039936
2017.07   0.05742722
2017.07   0.08706350
2017.07   0.07441575
2017.07  -0.06233218
2017.08  -0.02356562
2017.08  -0.07334218
2017.08  -0.12350843
2017.08  -0.08557316
2017.09  -0.10887926
2017.09  -0.02382555
2017.09  -0.16067334
2017.10  -0.13301363
