 tdata       pcdata
2015.60  -0.40812064
2015.60  -0.11651077
2015.60   0.47492445
2015.61  -0.06069692
2015.61  -0.11942337
2015.61   0.22985563
2015.61   1.58422708
2015.62   1.08950657
2015.62  -0.37103973
2015.62  -0.26231123
2015.62  -0.46913352
2015.63  -0.08260826
2015.63  -0.10392209
2015.63   0.61294405
2015.64   1.73072541
2015.64  -0.63136096
2015.64   0.92071412
2015.64  -0.74962820
2015.65  -0.27882483
2015.65   0.42596340
2015.65  -0.31465717
2015.65  -0.80530146
2015.66  -0.21039372
2015.66   0.01628733
2015.66   0.68345245
2015.67   0.05739407
2015.67  -1.03818791
2015.67  -1.80373614
2015.67  -0.19655719
2015.68  -0.01660306
2015.68   1.19057522
2015.68   0.73423453
2015.68   0.51470367
2015.69  -0.05760430
2015.69  -0.59138457
2015.69  -0.14243469
2015.70  -0.20256687
2015.70  -0.61606757
2015.70  -0.61624101
2015.70   0.00000494
2015.71   0.30933812
2015.71  -0.23973771
2015.71  -0.46860955
2015.72   0.09956630
2015.72  -0.15475635
2015.72  -1.48512344
2015.72  -0.34895158
2015.73  -0.56995619
2015.73  -0.68010036
2015.73  -1.08219653
2015.73  -1.12535089
2015.74  -0.75015495
2015.74  -1.40771889
2015.74  -0.26648376
2015.75  -1.15310743
2015.75  -1.15605836
2015.75  -0.54831603
2015.75  -0.71222564
2015.76  -0.80544679
2015.76  -0.73868697
2015.76  -0.94213017
2015.76   1.43325344
2015.77   1.67802744
2015.77   1.23508838
2015.77   1.16632377
2015.78   0.63360185
2015.78   1.27283065
2015.78   1.09139158
2015.78   1.45308062
2015.79   1.01802537
2015.79   0.65520402
2015.79   1.07729181
2015.79   1.51225063
2015.80  -0.09920553
2015.80  -0.23060626
2015.80   0.35494588
2015.81  -0.30618096
2015.81   0.15505243
2015.81   0.07597464
2015.81  -0.33062935
2015.82  -0.04643031
2015.82   0.15142411
2015.82   0.33685912
2015.82  -0.03203259
2015.83   0.06432155
2015.83  -0.09342877
2015.83   0.05282813
2015.84   0.18966100
2015.84   0.11320705
2015.84  -0.15277355
2015.84   0.25905945
2015.85  -0.46195264
2015.85  -0.16283563
2015.85  -0.19105721
2015.85  -0.29014873
2015.86   0.08326771
2015.86   0.68896913
2015.86  -0.12816560
2015.87   0.44236492
2015.87   0.47163922
2015.87   0.68058655
2015.87   0.23890237
2015.88   0.50553866
2015.88   0.37141826
2015.88   0.45759146
2015.88   0.77490099
2015.89   0.22329180
2015.89  -0.58797293
2015.89  -0.09379686
2015.90  -0.35302771
2015.90  -0.53535804
2015.90  -0.27526947
2015.90   0.09621479
2015.91  -1.12419471
2015.91   0.16432933
2015.91   0.01244954
2015.92   0.28575619
2015.92  -0.70581340
2015.92  -0.32016437
2015.92  -0.59310835
2015.93   0.09063332
2015.93  -0.57420131
2015.93  -0.35741127
2015.93   0.18777609
2015.94   0.02265064
2015.94   1.08595318
2015.94  -0.02840446
2015.95  -0.40793265
2015.95   0.04224852
2015.95   0.03282167
2015.95   0.42362679
2015.96  -0.65387155
2015.96   0.06987594
2015.96  -0.18223664
2015.96   0.34124428
2015.97   0.36745026
2015.97  -0.29567036
2015.97   0.84818624
2015.98   0.98142029
2015.98   0.08286230
2015.98  -0.35582750
2015.98  -0.70532943
2015.99  -0.79488825
2015.99  -0.05349527
2015.99   0.32622314
2015.99  -0.89125253
2016.00  -0.87188915
2016.00   0.49798538
2016.00   0.40182493
2016.01   0.23360490
2016.01   0.00000501
2016.01   0.17820575
2016.01  -0.07959007
2016.02  -0.19392646
2016.02   0.09533053
2016.02   0.65939304
2016.02   0.60248384
2016.03  -1.25608989
2016.03  -0.32511196
2016.03   0.46153383
2016.04  -0.54556266
2016.04   0.90326112
2016.04   0.17769354
2016.04  -0.29295855
2016.05  -0.38459322
2016.05   0.20465071
2016.05   0.32380769
2016.05   0.70358802
2016.06  -0.92396317
2016.06  -0.52773490
2016.06  -0.87237540
2016.07  -0.61605066
2016.07  -0.37425649
2016.07   0.58416143
2016.07   1.02435280
2016.08   0.32942388
2016.08   0.50086236
2016.08  -0.35333659
2016.08  -0.00306091
2016.09  -4.48800089
2016.09  -6.10664487
2016.09  -5.79101156
2016.10  -5.50564179
2016.10   0.75287807
2016.10   1.01811725
2016.10   0.86645702
2016.11   0.97573591
2016.11   0.98425451
2016.11   1.80825789
2016.11   2.02337659
2016.12   2.12040167
2016.12   1.84755475
2016.12   0.60412735
2016.13   0.25914537
2016.13   0.89538613
2016.13   0.64242773
2016.13   0.71330012
2016.14   1.29604296
2016.14   0.89729621
2016.14   0.89882861
2016.14   1.64867452
2016.15  -0.07638067
2016.15  -0.64964189
2016.15   0.76259263
2016.16   0.47436565
2016.16   0.79084599
2016.16   0.69308287
2016.16   0.63448101
2016.17  -2.06103623
2016.17   0.27453108
2016.17   0.90951387
2016.17   1.16456943
2016.18   0.35892886
2016.18   0.29183919
2016.18   0.15985486
2016.19  -1.26725673
2016.19   0.16750331
2016.19  -0.98856487
2016.19   0.27118521
2016.20  -0.27117547
2016.20  -0.22896294
2016.20  -1.78070601
2016.20   0.30733590
2016.21   1.20572583
2016.21  -0.05095924
2016.21   0.45995085
2016.22  -0.21317384
2016.22   0.08580899
2016.22   0.21619833
2016.22  -0.16121349
2016.23   0.52689591
2016.23  -0.26728103
2016.23   0.83092416
2016.23   0.30549508
2016.24   0.68581297
2016.24   0.35582204
2016.24   1.08704303
2016.25   0.29340002
2016.25   0.14229888
2016.25  -0.20205585
2016.25   0.57969274
2016.26   0.76814010
2016.26   0.82448920
2016.26  -0.26711250
2016.27   0.10540546
2016.27   0.56966959
2016.27   0.40333967
2016.27  -0.12647165
2016.28  -0.51513441
2016.28  -0.14566877
2016.28  -1.28781926
2016.28   0.01767326
2016.29  -0.58259879
2016.29  -0.99875010
2016.29  -0.79621324
2016.30  -0.41363263
2016.30  -0.68766360
2016.30  -0.12138533
2016.30  -0.69643863
2016.31  -0.05126081
2016.31  -0.01425097
2016.31  -0.16216222
2016.31   0.59524876
2016.32  -0.59523893
2016.32   0.80635401
2016.32   0.94757286
2016.33  -0.31237562
2016.33   0.26325309
2016.33   0.28036849
2016.33  -0.22423296
2016.34  -0.33254079
2016.34   0.28398404
2016.34  -0.71042804
2016.34   0.09157094
2016.35   0.09328837
2016.35  -0.31361499
2016.35  -0.07028066
2016.36  -0.19515021
2016.36  -0.60769479
2016.36  -0.28875552
2016.36  -0.30287482
2016.37   0.01257089
2016.37  -0.06494746
2016.37  -0.19900326
2016.37  -0.26286906
2016.38   0.24148777
2016.38  -0.18884333
2016.38   0.45913448
2016.39  -0.05849470
2016.39  -0.10166671
2016.39  -0.18282795
2016.39  -0.07744377
2016.40   0.70899753
2016.40   0.30543573
2016.40  -0.12218321
2016.40   0.14505576
2016.41  -0.02286048
2016.41  -0.00001101
2016.41  -0.54527427
2016.42  -0.17481636
2016.42   0.51390882
2016.42   0.60411158
2016.42  -0.31414536
2016.43  -0.28331129
2016.43  -0.20867555
2016.43  -0.12315645
2016.43   0.53141611
2016.44   0.38195840
2016.44  -0.18140556
2016.44  -0.24145852
2016.45   0.04088315
2016.45  -0.00000396
2016.45  -0.51932186
2016.45   0.28634076
2016.46   0.20944329
2016.46   0.10878121
2016.46  -0.08506449
2016.46   0.68833885
2016.47  -0.61844036
2016.47   0.09314117
2016.47  -0.16290080
2016.48  -1.95269361
2016.48  -1.92667065
2016.48   0.72386833
2016.48  -0.17395419
2016.49  -0.49456535
2016.49   0.08784314
2016.49  -0.44022443
2016.49  -0.01934282
2016.50  -0.08186803
2016.50   0.02966664
2016.50  -0.09124062
2016.51  -0.34929579
2016.51   0.01911223
2016.51  -0.02143973
2016.51   0.08510970
2016.52   0.36402291
2016.52  -0.71588440
2016.52  -0.02037528
2016.52   0.07409792
2016.53   0.41760185
2016.53   0.01756758
2016.53  -0.03316731
2016.54  -0.31615760
2016.54   0.99325046
2016.54   0.56599660
2016.54   0.51918432
2016.55   0.30436678
2016.55   0.42699187
2016.55   0.80072903
2016.55   0.80089775
2016.56   0.45869168
2016.56  -0.05263807
2016.56  -0.42262765
2016.57   0.56661570
2016.57  -0.76798054
2016.57  -0.73542695
2016.57   0.36918178
2016.58   0.52928629
2016.58   0.29226762
2016.58   1.17364307
2016.58  -0.41535092
2016.59   0.50984573
2016.59  -0.07691766
2016.59   0.12901081
2016.60  -0.44766054
2016.60  -0.72575703
2016.60  -0.21643215
2016.60  -0.16839753
2016.61   0.36069083
2016.61   0.25739070
2016.61   0.32783611
2016.61   0.87324441
2016.62   0.79489767
2016.62   0.05874351
2016.62   0.40461099
2016.63   0.13920346
2016.63   0.17923912
2016.63   0.10261825
2016.63   0.38146068
2016.64   0.12663876
2016.64  -0.28278907
2016.64   0.30428577
2016.64   0.91788231
2016.65   0.45930767
2016.65   0.11531875
2016.65  -0.45834934
2016.66   0.61934095
2016.66   0.55989525
2016.66   0.44494944
2016.66  -0.05423919
2016.67  -0.45570691
2016.67  -0.42966757
2016.67  -0.55359557
2016.67   0.36398289
2016.68  -0.24281992
2016.68  -1.08773765
2016.68  -0.07740401
2016.69  -0.08857933
2016.69  -0.12971757
2016.69  -0.00971274
2016.69   0.29958034
2016.70   0.28132259
2016.70  -0.44406863
2016.70  -0.25091422
2016.70   0.59002451
2016.71  -0.59091298
2016.71  -0.50646563
2016.71  -0.58678712
2016.72   0.14828548
2016.72  -0.63368481
2016.72  -0.77940517
2016.72  -0.45320904
2016.73  -0.85018894
2016.73   0.24440667
2016.73   0.01496708
2016.73   0.05719493
2016.74  -0.23138792
2016.74   0.31570544
2016.74   0.25412662
2016.75  -0.11446680
2016.75  -0.28099948
2016.75  -0.37493970
2016.75  -0.26547733
2016.76   0.57417112
2016.76   0.06614219
2016.76  -0.12403065
2016.77   0.25907371
2016.77   0.29283857
2016.77  -0.07272958
2016.77   0.43513812
2016.78   0.12097101
2016.78   0.40103564
2016.78   0.39846365
2016.78   0.20131689
2016.79   0.00052619
2016.79  -0.62252413
2016.79  -0.13020805
2016.80   0.28559258
2016.80   0.11774685
2016.80   0.91917502
2016.80   0.38063039
2016.81   0.22208681
2016.81   0.22514319
2016.81   0.06757994
2016.81  -0.57604958
2016.82  -0.26814343
2016.82  -0.60453222
2016.82  -0.58900940
2016.83  -0.94418687
2016.83  -0.13937731
2016.83  -0.25699783
2016.83  -0.55846407
2016.84   0.11686997
2016.84  -0.30241170
2016.84  -0.03019863
2016.84  -0.33770855
2016.85  -0.05356630
2016.85  -0.36080083
2016.85  -0.37787498
2016.86  -0.24177691
2016.86   0.06237024
2016.86  -0.14953326
2016.86   0.26409940
2016.87  -0.29617175
2016.87  -0.26121062
2016.87  -0.01608877
2016.87   0.27655854
2016.88   0.01288670
2016.88   0.10062827
2016.88   0.58083086
2016.89   0.76195969
2016.89   0.36548763
2016.89   0.28853935
2016.89   0.15593746
2016.90   0.34293458
2016.90  -0.10054827
2016.90   0.12224542
2016.90  -0.47092935
2016.91  -0.19069222
2016.91  -0.24746734
2016.91  -0.26631040
2016.92   0.02746299
2016.92  -0.20988415
2016.92  -0.93019051
2016.92  -0.45764568
2016.93  -0.10369528
2016.93  -0.41164193
2016.93   0.04441296
2016.93   0.64185909
2016.94   0.17277614
2016.94   0.30617671
2016.94   0.69021103
2016.95  -0.21858100
2016.95   0.01969086
2016.95   0.05286685
2016.95   0.08832714
2016.96  -0.00532364
2016.96  -0.18468382
2016.96   0.06120435
2016.96   0.23838806
2016.97  -0.62239681
2016.97  -0.11365766
2016.97  -0.20340394
2016.98   0.29966425
2016.98   0.60938330
2016.98   1.02060973
2016.98   0.93335220
2016.99   0.48879218
2016.99   1.03454864
2016.99   0.57027538
2016.99   0.66515822
2017.00   0.14780244
2017.00  -0.15327130
2017.00  -0.00338323
2017.01   0.21944622
2017.01   0.79155928
2017.01   0.33206841
2017.01   0.66432770
2017.02   1.21116899
2017.02   0.49100845
2017.02   0.12425111
2017.02   0.44904814
2017.03   0.26443751
2017.03   0.33223172
2017.03   0.30957489
2017.04   0.42493428
2017.04  -0.66528564
2017.04  -0.12801070
2017.04  -0.34958809
2017.05  -0.17475454
2017.05  -0.07469711
2017.05  -0.96148593
2017.05   0.61667475
2017.06  -0.13806267
2017.06  -0.07357337
2017.06  -0.12476336
2017.07  -0.23946252
2017.07  -0.15182447
2017.07  -0.87063831
2017.07  -0.61007985
2017.08  -0.38634030
2017.08  -0.73142640
2017.08  -0.63519469
2017.08  -0.83686632
2017.09  -0.72388322
2017.09  -1.01845809
2017.09  -0.35692540
2017.10  -0.66237837
