   lon    lat   spatialEOF
120.59  23.65 -16.32287645
120.34  23.03 -16.72467967
120.19  22.96 -15.79732140
120.48  23.43 -16.17174982
120.28  23.02 -15.57600347
120.55  23.51 -15.62658368
120.76  23.16 -15.53469315
120.17  23.38 -14.85521570
120.86  22.31 -14.45231906
120.28  22.94 -15.74900381
120.31  22.94 -16.48175179
120.29  23.39 -15.63488519
120.36  22.80 -15.47322127
121.03  23.20 -15.13824953
120.30  23.48 -13.84606723
120.28  22.75 -13.01914632
120.89  22.34 -16.09224944
120.40  23.22 -16.53070072
120.38  23.41 -15.65992899
120.37  23.26 -13.89993892
120.45  23.27 -14.66594013
120.40  22.99 -13.94914842
120.61  22.64 -15.06298369
121.20  23.11 -15.75630589
120.59  22.37 -13.81606993
121.23  23.13 -15.58624389
120.35  23.02 -14.71080610
120.96  23.49 -14.70874101
120.44  23.38 -16.19025350
121.19  22.79 -13.02129356
120.70  23.11 -15.52275994
121.17  22.94 -15.56625799
120.28  23.36 -14.48719403
121.15  22.75 -15.38319621
120.34  23.21 -15.35151982
120.52  23.42 -16.72985549
120.28  22.94 -15.14827101
120.45  23.47 -15.17775792
120.29  22.61 -15.50225561
120.09  23.06 -15.58973977
120.55  23.46 -16.37386516
120.22  23.00 -14.30210755
121.25  22.91 -16.18912651
120.31  23.58 -15.43513851
121.13  22.91 -15.23274925
120.64  22.72 -14.71296664
120.48  23.56 -16.06389127
120.89  23.48 -13.81700377
120.27  23.10 -13.37268561
120.35  22.58 -16.74104711
120.33  23.05 -15.13462505
120.21  23.08 -15.18131982
121.08  22.76 -14.86416965
120.83  23.26 -12.92730149
120.66  23.54 -16.22435105
121.04  23.17 -13.12612755
120.50  22.61 -15.85589433
